
# Sideways angle camera placement 
renderView1.CameraPosition = [1230.4102702553741, 3195.8994642793778, 1215.362951668812]
renderView1.CameraFocalPoint = [100.99999999999999, -0.9999999999999812, 449.68107392152956]
renderView1.CameraViewUp = [-0.07399763649576889, -0.20748228371695188, 0.9754360315964541]
renderView1.CameraParallelScale = 899.6336487402332

